InputFile: dermatology.arff
Attributes: 34
Objects: 366
Algorithm: RIONA
Mode: l
k: 1
NominalDistance: SVDM
Times(ms): read=1.5338, preprocess=0.3053, classify=189.433, write=3.6429, total=194.915
d (number of classes): 6
ClassCounts: 2=61 1=112 3=72 5=52 4=49 6=20
Note: Local mode recomputes statistics per test object.
Global stats below are provided for reference.
NumericStats (global):
  attr[33]: min=0, max=75, range=75
NominalSVDM (global):
  attr[0] values: 2 3 1 0
    2: 0 0.497674 0.760832 0.839535
    3: 0.497674 0 1.06667 1.1
    1: 0.760832 1.06667 0 0.631579
    0: 0.839535 1.1 0.631579 0
  attr[1] values: 2 3 1 0
    2: 0 0.689744 0.800832 1.50769
    3: 0.689744 0 1.40887 1.76923
    1: 0.800832 1.40887 0 0.887387
    0: 1.50769 1.76923 0.887387 0
  attr[2] values: 0 3 2 1
    0: 0 1.87915 1.33515 0.674321
    3: 1.87915 0 0.543996 1.39691
    2: 1.33515 0.543996 0 0.852919
    1: 0.674321 1.39691 0.852919 0
  attr[3] values: 3 2 0 1
    3: 0 0.355789 1.28323 0.871345
    2: 0.355789 0 1.13797 0.571111
    0: 1.28323 1.13797 0 0.602637
    1: 0.871345 0.571111 0.602637 0
  attr[4] values: 0 1 2 3
    0: 0 1.17857 1.14153 1.29663
    1: 1.17857 0 0.374603 0.707937
    2: 1.14153 0.374603 0 0.37037
    3: 1.29663 0.707937 0.37037 0
  attr[5] values: 0 3 2 1
    0: 0 1.9798 1.9798 1.9798
    3: 1.9798 0 0 0
    2: 1.9798 0 0 0
    1: 1.9798 0 0 0
  attr[6] values: 0 3 1 2
    0: 0 2 1.19629 1.61674
    3: 2 0 1.63636 0.5
    1: 1.19629 1.63636 0 1.13636
    2: 1.61674 0.5 1.13636 0
  attr[7] values: 0 3 2 1
    0: 0 1.96656 1.96656 1.96656
    3: 1.96656 0 0 0
    2: 1.96656 0 0 0
    1: 1.96656 0 0 0
  attr[8] values: 1 0 3 2
    1: 0 1.38019 0.667702 0.647321
    0: 1.38019 0 1.80876 1.77751
    3: 0.667702 1.80876 0 0.0516304
    2: 0.647321 1.77751 0.0516304 0
  attr[9] values: 0 1 2 3
    0: 0 1.38636 1.64827 1.82576
    1: 1.38636 0 0.261905 0.466667
    2: 1.64827 0.261905 0 0.214286
    3: 1.82576 0.466667 0.214286 0
  attr[10] values: 0 1
    0: 0 1.26359
    1: 1.26359 0
  attr[11] values: 0 1 2 3
    0: 0 1.98649 1.98649 1.98649
    1: 1.98649 0 0 0
    2: 1.98649 0 0 0
    3: 1.98649 0 0 0
  attr[12] values: 0 2 1
    0: 0 1.15432 0.831089
    2: 1.15432 0 0.464646
    1: 0.831089 0.464646 0
  attr[13] values: 0 1 3 2
    0: 0 1.30509 1.56596 1.56596
    1: 1.30509 0 0.641822 0.26087
    3: 1.56596 0.641822 0 0.441558
    2: 1.56596 0.26087 0.441558 0
  attr[14] values: 0 3 1 2
    0: 0 2 2 1.82609
    3: 2 0 0 0.173913
    1: 2 0 0 0.173913
    2: 1.82609 0.173913 0.173913 0
  attr[15] values: 3 1 0 2
    3: 0 1.19864 1.91525 0.463116
    1: 1.19864 0 1.29557 0.782538
    0: 1.91525 1.29557 0 1.55867
    2: 0.463116 0.782538 1.55867 0
  attr[16] values: 2 3 1 0
    2: 0 0.445714 0.469215 1.01905
    3: 0.445714 0 0.91493 1.38667
    1: 0.469215 0.91493 0 0.670423
    0: 1.01905 1.38667 0.670423 0
  attr[17] values: 0 2 1 3
    0: 0 0.969563 0.486735 1.13304
    2: 0.969563 0 0.658586 0.863636
    1: 0.486735 0.658586 0 1.11111
    3: 1.13304 0.863636 1.11111 0
  attr[18] values: 0 2 3 1
    0: 0 1.08175 1.44341 0.71147
    2: 1.08175 0 0.451515 0.732152
    3: 1.44341 0.451515 0 1.12768
    1: 0.71147 0.732152 1.12768 0
  attr[19] values: 0 2 1 3
    0: 0 1.9434 1.62281 1.97619
    2: 1.9434 0 0.388266 0.0327869
    1: 1.62281 0.388266 0 0.421053
    3: 1.97619 0.0327869 0.421053 0
  attr[20] values: 0 2 3 1
    0: 0 1.88634 1.94949 1.42776
    2: 1.88634 0 0.315789 0.458581
    3: 1.94949 0.315789 0 0.643478
    1: 1.42776 0.458581 0.643478 0
  attr[21] values: 0 2 3 1
    0: 0 1.96875 1.96875 1.75822
    2: 1.96875 0 0 0.210526
    3: 1.96875 0 0 0.210526
    1: 1.75822 0.210526 0.210526 0
  attr[22] values: 0 2 1 3
    0: 0 1.4948 1.2276 1.64865
    2: 1.4948 0 0.267206 0.153846
    1: 1.2276 0.267206 0 0.421053
    3: 1.64865 0.153846 0.421053 0
  attr[23] values: 0 1 2 3
    0: 0 1.70818 1.76224 1.56224
    1: 1.70818 0 0.0540541 0.2
    2: 1.76224 0.0540541 0 0.2
    3: 1.56224 0.2 0.2 0
  attr[24] values: 0 2 3 1
    0: 0 1.98644 1.98644 1.85763
    2: 1.98644 0 0 0.153846
    3: 1.98644 0 0 0.153846
    1: 1.85763 0.153846 0.153846 0
  attr[25] values: 0 3 2 1
    0: 0 1.663 1.29566 1.36923
    3: 1.663 0 0.367347 1.2
    2: 1.29566 0.367347 0 1.09252
    1: 1.36923 1.2 1.09252 0
  attr[26] values: 0 2 3 1
    0: 0 1.9932 1.9932 1.32653
    2: 1.9932 0 0 0.666667
    3: 1.9932 0 0 0.666667
    1: 1.32653 0.666667 0.666667 0
  attr[27] values: 3 0 2 1
    3: 0 1.48113 0.296027 0.870432
    0: 1.48113 0 1.4443 1.12563
    2: 0.296027 1.4443 0 0.732143
    1: 0.870432 1.12563 0.732143 0
  attr[28] values: 0 2 3 1
    0: 0 1.9932 1.9932 1.66667
    2: 1.9932 0 0 0.4
    3: 1.9932 0 0 0.4
    1: 1.66667 0.4 0.4 0
  attr[29] values: 0 1 2 3
    0: 0 1.39419 1.99419 1.99419
    1: 1.39419 0 0.6 0.6
    2: 1.99419 0.6 0 0
    3: 1.99419 0.6 0 0
  attr[30] values: 0 2 1 3
    0: 0 2 1.65217 2
    2: 2 0 0.5 0
    1: 1.65217 0.5 0 0.5
    3: 2 0 0.5 0
  attr[31] values: 1 2 3 0
    1: 0 0.508852 0.702087 0.40905
    2: 0.508852 0 0.394613 0.509335
    3: 0.702087 0.394613 0 0.756824
    0: 0.40905 0.509335 0.756824 0
  attr[32] values: 0 3 1 2
    0: 0 2 0.848904 1.81818
    3: 2 0 2 0.181818
    1: 0.848904 2 0 1.90909
    2: 1.81818 0.181818 1.90909 0
ConfusionMatrix Standard (rows=true, cols=pred):
  labels: 2 1 3 5 4 6
  2: 56 1 0 0 4 0
  1: 0 112 0 0 0 0
  3: 0 0 72 0 0 0
  5: 0 0 0 52 0 0
  4: 2 0 0 0 47 0
  6: 0 0 0 0 0 20
ConfusionMatrix Normalized (rows=true, cols=pred):
  labels: 2 1 3 5 4 6
  2: 56 1 0 0 4 0
  1: 0 112 0 0 0 0
  3: 0 0 72 0 0 0
  5: 0 0 0 52 0 0
  4: 2 0 0 0 47 0
  6: 0 0 0 0 0 20
PerClassMetrics (standard / normalized):
  2 Precision=0.965517 Recall=0.918033 F1=0.941176 | NPrecision=0.965517 NRecall=0.918033 NF1=0.941176
  1 Precision=0.99115 Recall=1 F1=0.995556 | NPrecision=0.99115 NRecall=1 NF1=0.995556
  3 Precision=1 Recall=1 F1=1 | NPrecision=1 NRecall=1 NF1=1
  5 Precision=1 Recall=1 F1=1 | NPrecision=1 NRecall=1 NF1=1
  4 Precision=0.921569 Recall=0.959184 F1=0.94 | NPrecision=0.921569 NRecall=0.959184 NF1=0.94
  6 Precision=1 Recall=1 F1=1 | NPrecision=1 NRecall=1 NF1=1
BalancedMetrics:
  Bal_Precision=0.979706 Bal_Recall=0.979536 Bal_F1=0.979455
  NBal_Precision=0.979706 NBal_Recall=0.979536 NBal_F1=0.979455
