InputFile: german.csv
D (liczba atrybutow): 20
R (liczba obiektow): 1000
Algorithm: Ria
k: 3
NominalDistance: SVDM
Mode: g
NumericAttributes: 7
NominalAttributes: 13

TIMINGS(ms):
  Read:           26
  Preprocess:     12
  Classification: 7043
  Write:          20
  Total:          7101

d (liczba klas decyzyjnych): 2
Liczebnosci klas:
  1: 700
  2: 300

STATYSTYKI_NUMERYCZNE (min/max/range):
  Attr[1] min=4 max=72 range=68
  Attr[4] min=250 max=18424 range=18174
  Attr[7] min=1 max=4 range=3
  Attr[10] min=1 max=4 range=3
  Attr[12] min=19 max=75 range=56
  Attr[15] min=1 max=4 range=3
  Attr[17] min=1 max=2 range=1

MACIERZE_SVDM:
  NOM_ATTR[0] values=4
    A11,A12,A14,A13
    A11:0,0.20473231487260196,0.75189892178294859,0.5409570154095702
    A12:0.20473231487260196,0,0.54716660691034669,0.33622470053696824
    A14:0.75189892178294859,0.54716660691034669,0,0.2109419063733784
    A13:0.5409570154095702,0.33622470053696824,0.2109419063733784,0

  NOM_ATTR[2] values=5
    A34,A32,A33,A30,A31
    A34:0,0.29643892072895872,0.29506670803599133,0.90870307167235498,0.80156021452949777
    A32:0.29643892072895872,0,0.0013722126929673895,0.61226415094339615,0.50512129380053905
    A33:0.29506670803599133,0.0013722126929673895,0,0.61363636363636354,0.50649350649350644
    A30:0.90870307167235498,0.61226415094339615,0.61363636363636354,0,0.10714285714285715
    A31:0.80156021452949777,0.50512129380053905,0.50649350649350644,0.10714285714285715,0

  NOM_ATTR[3] values=9
    A43,A46,A42,A40,A41,A49,A44,A45,A48
    A43:0,0.43714285714285711,0.19802683504340962,0.31782661782661781,0.060248447204968913,0.25817378497790866,0.22380952380952385,0.28441558441558445,0.22063492063492057
    A46:0.43714285714285711,0,0.23911602209944749,0.1193162393162393,0.49739130434782602,0.17896907216494845,0.21333333333333326,0.15272727272727266,0.65777777777777768
    A42:0.19802683504340962,0.23911602209944749,0,0.11979978278320819,0.25827528224837853,0.060146949934499039,0.025782688766114226,0.086388749372174833,0.41866175567833019
    A40:0.31782661782661781,0.1193162393162393,0.11979978278320819,0,0.37807506503158672,0.059652832848709147,0.094017094017093961,0.033411033411033353,0.53846153846153832
    A41:0.060248447204968913,0.49739130434782602,0.25827528224837853,0.37807506503158672,0,0.31842223218287757,0.28405797101449276,0.34466403162055337,0.16038647342995166
    A49:0.25817378497790866,0.17896907216494845,0.060146949934499039,0.059652832848709147,0.31842223218287757,0,0.034364261168384813,0.026241799437675795,0.47880870561282923
    A44:0.22380952380952385,0.21333333333333326,0.025782688766114226,0.094017094017093961,0.28405797101449276,0.034364261168384813,0,0.060606060606060608,0.44444444444444442
    A45:0.28441558441558445,0.15272727272727266,0.086388749372174833,0.033411033411033353,0.34466403162055337,0.026241799437675795,0.060606060606060608,0,0.50505050505050497
    A48:0.22063492063492057,0.65777777777777768,0.41866175567833019,0.53846153846153832,0.16038647342995166,0.47880870561282923,0.44444444444444442,0.50505050505050497,0

  NOM_ATTR[5] values=5
    A65,A61,A63,A64,A62
    A65:0,0.37000788407688345,0.00052042674993488247,0.099726775956284125,0.31046739880099739
    A61:0.37000788407688345,0,0.37052831082681831,0.46973466003316755,0.059540485275886013
    A63:0.00052042674993488247,0.37052831082681831,0,0.099206349206349242,0.3109878255509323
    A64:0.099726775956284125,0.46973466003316755,0.099206349206349242,0,0.41019417475728154
    A62:0.31046739880099739,0.059540485275886013,0.3109878255509323,0.41019417475728154,0

  NOM_ATTR[6] values=5
    A75,A73,A74,A71,A72
    A75:0,0.10764046777898262,0.057652991685975152,0.23600663011602707,0.30802463461715229
    A73:0.10764046777898262,0,0.16529345946495777,0.12836616233704445,0.20038416683816968
    A74:0.057652991685975152,0.16529345946495777,0,0.29365962180200222,0.36567762630312745
    A71:0.23600663011602707,0.12836616233704445,0.29365962180200222,0,0.072018004501125221
    A72:0.30802463461715229,0.20038416683816968,0.36567762630312745,0.072018004501125221,0

  NOM_ATTR[8] values=4
    A93,A92,A91,A94
    A93:0,0.17037909112314575,0.26715328467153293,0.010631545541098075
    A92:0.17037909112314575,0,0.096774193548387177,0.15974754558204768
    A91:0.26715328467153293,0.096774193548387177,0,0.25652173913043486
    A94:0.010631545541098075,0.15974754558204768,0.25652173913043486,0

  NOM_ATTR[9] values=3
    A101,A103,A102
    A101:0,0.2151641082181325,0.27826928765428771
    A103:0.2151641082181325,0,0.49343339587242019
    A102:0.27826928765428771,0.49343339587242019,0

  NOM_ATTR[11] values=4
    A121,A122,A124,A123
    A121:0,0.18653705062362433,0.44459795523625312,0.18892591643168424
    A122:0.18653705062362433,0,0.25806090461262876,0.0023888658080599146
    A124:0.44459795523625312,0.25806090461262876,0,0.25567203880456885
    A123:0.18892591643168424,0.0023888658080599146,0.25567203880456885,0

  NOM_ATTR[13] values=3
    A143,A141,A142
    A143:0,0.26977533452353603,0.25814208792932203
    A141:0.26977533452353603,0,0.011633246594213997
    A142:0.25814208792932203,0.011633246594213997,0

  NOM_ATTR[14] values=3
    A152,A153,A151
    A152:0,0.29307568438003218,0.26038377459315032
    A153:0.29307568438003218,0,0.032691909786881856
    A151:0.26038377459315032,0.032691909786881856,0

  NOM_ATTR[16] values=4
    A173,A172,A174,A171
    A173:0,0.030476190476190379,0.098712998712998767,0.045887445887445977
    A172:0.030476190476190379,0,0.12918918918918915,0.076363636363636356
    A174:0.098712998712998767,0.12918918918918915,0,0.052825552825552791
    A171:0.045887445887445977,0.076363636363636356,0.052825552825552791,0

  NOM_ATTR[18] values=2
    A192,A191
    A192:0,0.068110837929430457
    A191:0.068110837929430457,0

  NOM_ATTR[19] values=2
    A201,A202
    A201:0,0.44951590594744123
    A202:0.44951590594744123,0

MACIERZ_POMYLEK_STANDARD (CId) (wiersze=RId, kolumny=CId):
    1	2
1	700	0
2	299	1

MIARY_STANDARD (CId):
  Precyzja_0(1)=0.70070070070070067 Odzysk_0(1)=1 F1_0(1)=0.82401412595644496
  Precyzja_1(2)=1 Odzysk_1(2)=0.0033333333333333335 F1_1(2)=0.0066445182724252493
Precyzja_balanced=0.85035035035035034
Odzysk_balanced=0.50166666666666671
F1_balanced=0.41532932211443513

MACIERZ_POMYLEK_ZNORMALIZOWANA (NCId) (wiersze=RId, kolumny=NCId):
    1	2
1	638	62
2	179	121

MIARY_ZNORMALIZOWANA (NCId):
  NPrecyzja_0(1)=0.780905752753978 NOdzysk_0(1)=0.91142857142857148 NF1_0(1)=0.84113381674357279
  NPrecyzja_1(2)=0.66120218579234968 NOdzysk_1(2)=0.40333333333333332 NF1_1(2)=0.50103519668737051
NPrecyzja_balanced=0.7210539692731639
NOdzysk_balanced=0.6573809523809524
NF1_balanced=0.6710845067154716
